  Daily Lake Average Surface Water Temperature
                     From
 Great Lakes Surface Environmental Analysis maps
  
--------------------------------------------------------
               Surf. Water Temp. (degrees C)
   
Year Day    Sup.   Mich.   Huron    Erie    Ont.  St.Clr
--------------------------------------------------------
  
2003 001    3.20    4.08    3.21    2.36    4.17    0.20
2003 002    3.17    3.99    3.19    2.32    4.13    0.20
2003 003    3.13    3.83    3.03    2.21    4.06    0.20
2003 004    3.00    3.79    2.95    2.15    3.98    0.20
2003 005    3.05    3.81    2.88    2.02    3.85    0.20
2003 006    3.15    3.80    2.84    1.93    3.78    0.20
2003 007    3.36    3.80    2.77    1.76    3.72    0.20
2003 008    3.39    3.86    2.76    1.71    3.68    0.20
2003 009    3.39    4.01    2.74    1.67    3.67    0.20
2003 010    3.17    3.65    2.63    1.22    3.63    0.20
2003 011    3.05    3.47    2.55    1.10    3.63    0.20
2003 012    2.91    3.33    2.46    1.02    3.58    0.20
2003 013    2.78    3.26    2.39    0.96    3.50    0.20
2003 014    2.63    3.10    2.21    0.20    3.31    0.20
2003 015    2.52    3.02    2.13    0.20    3.25    0.20
2003 016    2.46    3.03    2.07    0.20    3.14    0.20
2003 017    2.43    2.93    1.89    0.20    2.88    0.20
2003 018    2.39    2.80    1.83    0.20    2.76    0.20
2003 019    2.38    2.76    1.77    0.20    2.69    0.20
2003 020    2.24    2.65    1.75    0.20    2.69    0.20
2003 021    2.00    2.41    1.46    0.20    2.50    0.20
2003 022    1.86    2.32    1.41    0.20    2.42    0.20
2003 023    1.72    2.25    1.37    0.20    2.33    0.20
2003 024    1.53    2.13    0.97    0.20    2.09    0.20
2003 025    1.42    2.06    0.94    0.20    2.01    0.20
2003 026    1.32    1.99    0.91    0.20    1.97    0.20
2003 027    1.23    2.00    0.91    0.20    1.93    0.20
2003 028    1.02    1.75    0.81    0.20    1.78    0.20
2003 029    0.95    1.70    0.79    0.20    1.77    0.20
2003 030    0.88    1.68    0.85    0.20    1.72    0.20
2003 031    0.80    1.60    0.78    0.20    1.59    0.20
2003 032    0.76    1.55    0.76    0.20    1.59    0.20
2003 033    0.74    1.53    0.75    0.20    1.62    0.20
2003 034    0.75    1.58    0.78    0.20    1.74    0.20
2003 035    0.73    1.48    0.66    0.20    1.78    0.20
2003 036    0.71    1.47    0.65    0.20    1.81    0.20
2003 037    0.74    1.55    0.66    0.20    2.06    0.20
2003 038    0.70    1.52    0.58    0.20    2.06    0.20
2003 039    0.72    1.42    0.52    0.20    1.97    0.20
2003 040    0.74    1.33    0.49    0.20    1.93    0.20
2003 041    0.74    1.26    0.48    0.20    1.94    0.20
2003 042    0.63    1.15    0.44    0.20    1.73    0.20
2003 043    0.62    1.15    0.44    0.20    1.66    0.20
2003 044    0.61    1.21    0.42    0.20    1.55    0.20
2003 045    0.32    0.74    0.24    0.20    1.12    0.20
2003 046    0.30    0.65    0.24    0.20    1.07    0.20
2003 047    0.25    0.61    0.24    0.20    1.03    0.20
2003 048    0.24    0.61    0.24    0.20    0.99    0.20
2003 049    0.23    0.56    0.21    0.20    0.91    0.20
2003 050    0.23    0.55    0.21    0.20    0.82    0.20
2003 051    0.27    0.97    0.29    0.20    0.82    0.20
2003 052    0.21    0.98    0.22    0.20    0.98    0.20
2003 053    0.21    0.93    0.22    0.20    0.94    0.20
2003 054    0.21    0.89    0.22    0.20    0.88    0.20
2003 055    0.22    0.91    0.28    0.20    1.02    0.20
2003 056    0.20    0.71    0.20    0.20    0.66    0.20
2003 057    0.20    0.67    0.20    0.20    0.61    0.20
2003 058    0.20    0.75    0.20    0.20    0.61    0.20
2003 059    0.20    0.64    0.20    0.20    0.58    0.20
2003 060    0.20    0.64    0.20    0.20    0.57    0.20
2003 061    0.20    0.65    0.20    0.20    0.56    0.20
2003 062    0.20    0.69    0.20    0.20    0.72    0.20
2003 063    0.20    0.66    0.20    0.20    0.70    0.20
2003 064    0.20    0.66    0.20    0.20    0.70    0.20
2003 065    0.20    0.66    0.20    0.20    0.70    0.20
2003 066    0.20    0.59    0.20    0.20    0.70    0.20
2003 067    0.20    0.56    0.20    0.20    0.70    0.20
2003 068    0.20    0.52    0.20    0.20    0.70    0.20
2003 069    0.20    0.58    0.20    0.20    0.79    0.20
2003 070    0.20    0.59    0.20    0.20    0.80    0.20
2003 071    0.20    0.63    0.20    0.20    0.77    0.20
2003 072    0.20    0.78    0.20    0.20    0.85    0.20
2003 073    0.20    0.80    0.20    0.20    0.91    0.20
2003 074    0.20    0.90    0.20    0.20    0.96    0.20
2003 075    0.20    0.54    0.20    0.20    0.85    0.20
2003 076    0.20    0.65    0.20    0.20    0.86    0.20
2003 077    0.20    0.63    0.20    0.20    0.88    0.20
2003 078    0.20    0.67    0.20    0.20    1.02    0.20
2003 079    0.20    0.75    0.20    0.20    1.10    0.20
2003 080    0.20    0.79    0.20    0.20    1.13    0.20
2003 081    0.20    0.83    0.20    0.20    1.16    0.20
2003 082    0.20    0.87    0.20    0.20    1.16    0.20
2003 083    0.20    0.91    0.20    0.20    1.41    0.20
2003 084    0.20    0.99    0.20    0.20    1.31    0.20
2003 085    0.20    1.07    0.20    0.20    1.20    0.20
2003 086    0.20    1.15    0.20    0.20    1.39    0.20
2003 087    0.20    1.21    0.20    0.20    1.52    0.20
2003 088    0.20    1.34    0.20    0.20    1.55    0.20
2003 089    0.20    1.45    0.20    0.20    1.57    0.20
2003 090    0.20    1.50    0.20    0.20    1.63    0.20
2003 091    0.20    1.46    0.20    0.20    1.52    0.20
2003 092    0.20    1.41    0.20    0.20    1.52    0.20
2003 093    0.20    1.45    0.39    0.51    1.54    0.20
2003 094    0.20    1.42    0.37    0.52    1.56    0.20
2003 095    0.20    1.40    0.36    0.54    1.56    0.20
2003 096    0.20    1.39    0.36    0.55    1.57    0.20
2003 097    0.42    1.59    0.50    1.56    1.25    3.23
2003 098    0.20    1.63    0.20    1.54    1.27    2.95
2003 099    0.20    1.71    0.20    1.62    1.30    2.88
2003 100    0.20    1.57    0.20    1.71    1.40    3.10
2003 101    0.20    1.37    0.20    1.47    1.54    3.26
2003 102    0.20    1.81    0.20    1.65    1.55    4.06
2003 103    0.20    1.42    0.20    2.51    1.86    5.06
2003 104    0.41    1.56    0.91    2.30    1.69    5.37
2003 105    0.39    1.39    0.87    2.20    1.66    5.31
2003 106    0.40    1.47    0.88    2.31    1.71    5.61
2003 107    0.41    1.55    0.91    2.52    1.80    6.03
2003 108    0.42    1.64    0.93    2.71    1.87    6.36
2003 109    0.45    1.71    0.96    2.90    1.92    6.73
2003 110    0.46    1.79    0.98    3.12    1.97    7.13
2003 111    0.81    2.08    1.02    3.43    2.14    7.36
2003 112    0.83    2.14    1.04    3.59    2.24    7.55
2003 113    0.78    2.31    1.16    3.77    2.36    7.67
2003 114    0.86    2.36    1.14    3.91    2.56    7.55
2003 115    1.15    2.64    1.21    4.51    2.21    8.26
2003 116    1.29    2.96    1.47    4.74    2.37    8.29
2003 117    1.24    2.81    1.57    5.41    2.62    8.73
2003 118    1.31    3.03    1.72    5.66    3.06    9.20
2003 119    1.22    3.11    1.72    5.68    2.84    9.67
2003 120    1.30    3.05    1.72    5.87    2.87    9.81
2003 121    1.19    3.00    1.66    6.05    3.00    9.83
2003 122    1.21    2.97    1.64    6.20    3.05    9.76
2003 123    1.66    3.17    1.81    6.30    3.31    9.80
2003 124    1.63    3.29    1.94    6.54    3.20   10.00
2003 125    1.58    3.31    1.75    6.66    3.33   10.15
2003 126    1.64    3.39    1.85    7.11    3.41   10.37
2003 127    1.62    3.49    1.96    7.46    3.54   10.65
2003 128    1.65    3.51    2.82    7.40    3.65   10.77
2003 129    1.68    3.54    2.82    7.30    3.81   10.68
2003 130    1.75    3.63    2.84    7.41    3.73   10.75
2003 131    1.83    3.78    2.86    7.62    3.78   10.94
2003 132    1.98    3.93    3.06    7.90    3.86   11.11
2003 133    2.05    4.14    3.27    8.22    3.91   11.27
2003 134    2.16    4.37    3.60    8.86    3.99   11.43
2003 135    2.13    4.29    3.59    9.27    4.13   11.75
2003 136    2.13    4.28    3.71    9.04    4.24   11.85
2003 137    2.05    4.30    3.84    8.89    4.37   11.97
2003 138    2.14    4.48    3.99    8.91    4.41   12.03
2003 139    2.29    4.54    3.96    9.20    4.44   12.09
2003 140    2.37    4.58    4.21    9.43    4.52   12.08
2003 141    2.39    4.70    4.51    9.76    4.72   12.14
2003 142    2.67    5.03    4.26    9.87    4.68   12.30
2003 143    2.72    5.17    4.66    9.89    4.81   12.48
2003 144    3.06    5.30    4.76    9.98    5.01   12.34
2003 145    2.79    5.55    4.89   10.48    5.29   12.29
2003 146    2.99    5.85    5.07   11.12    5.55   12.46
2003 147    3.29    5.95    5.31   11.34    5.71   12.85
2003 148    2.87    6.03    5.49   11.50    5.87   13.16
2003 149    2.89    5.83    5.60   12.06    6.01   13.51
2003 150    3.05    5.67    5.59   12.27    6.12   13.57
2003 151    3.23    5.45    5.50   11.74    6.12   13.04
2003 152    3.44    5.92    5.61   11.36    6.06   12.67
2003 153    3.52    6.13    5.62   11.57    6.15   12.87
2003 154    3.47    6.34    5.80   11.95    6.13   13.10
2003 155    3.61    6.57    5.99   11.92    6.35   13.13
2003 156    3.46    6.85    6.17   11.90    6.65   13.12
2003 157    3.43    7.17    6.34   12.29    6.98   13.53
2003 158    3.49    7.47    6.57   14.11    7.49   15.01
2003 159    3.63    7.59    6.69   14.30    7.99   15.23
2003 160    3.74    7.63    6.68   13.35    7.59   14.73
2003 161    3.66    7.86    6.64   13.20    7.89   14.12
2003 162    3.67    7.81    6.70   13.58    7.90   14.89
2003 163    3.96    7.71    6.79   14.00    7.94   15.32
2003 164    4.14    8.47    7.36   14.39    8.27   15.81
2003 165    4.26    8.70    7.76   14.75    8.68   16.56
2003 166    4.66    9.06    8.18   15.19    9.51   17.06
2003 167    4.55   10.05    8.95   15.69   10.12   17.18
2003 168    4.56   10.91    9.86   15.95   11.07   17.95
2003 169    4.71   11.51   10.23   16.40   12.36   18.24
2003 170    5.20   10.36    9.23   16.47   12.70   17.79
2003 171    5.17   10.54    9.36   15.82   12.19   17.17
2003 172    5.25   11.26    9.95   16.56   12.58   17.41
2003 173    5.21   11.53   10.44   16.27   12.88   18.24
2003 174    5.25   12.46   11.92   17.59   13.36   20.39
2003 175    5.37   13.27   12.81   18.95   14.12   21.24
2003 176    5.37   13.73   13.72   20.13   16.39   21.66
2003 177    5.27   13.36   13.45   20.44   17.42   21.42
2003 178    5.30   13.21   12.49   19.08   16.76   20.57
2003 179    5.75   14.68   13.43   19.05   15.99   18.89
2003 180    6.04   14.58   13.66   19.40   16.70   20.67
2003 181    6.49   15.18   14.00   19.58   16.87   21.02
2003 182    7.00   15.74   14.61   19.92   17.50   21.43
2003 183    7.18   16.16   15.15   20.46   18.05   21.80
2003 184    7.16   16.47   15.73   21.08   18.70   22.05
2003 185    7.14   16.64   16.25   21.41   19.14   22.21
2003 186    7.05   16.81   16.49   21.25   19.04   22.27
2003 187    7.15   16.99   16.64   21.27   18.80   22.34
2003 188    7.18   17.20   17.00   21.40   18.76   22.38
2003 189    7.14   17.23   16.99   21.40   18.81   22.29
2003 190    7.25   17.15   16.62   21.21   18.89   22.00
2003 191    7.58   17.05   16.31   20.90   18.64   21.84
2003 192    8.06   16.91   15.96   20.62   17.91   21.68
2003 193    8.42   16.82   15.63   20.45   17.25   21.55
2003 194    8.75   16.86   15.46   20.54   16.88   21.66
2003 195    8.56   16.99   15.41   20.85   17.10   21.72
2003 196    8.11   17.01   15.35   20.90   17.15   21.62
2003 197    8.03   16.98   15.20   20.80   16.82   21.54
2003 198    8.24   17.23   15.24   20.87   16.66   21.59
2003 199    8.39   17.41   15.34   21.13   16.99   21.65
2003 200    8.77   17.65   15.49   21.28   17.11   21.65
2003 201    9.20   17.79   15.65   21.29   17.26   21.60
2003 202    9.59   17.81   15.79   21.23   17.59   21.37
2003 203    9.98   17.85   15.95   21.20   18.01   21.20
2003 204   10.41   17.94   16.15   21.23   18.40   21.07
2003 205   10.98   18.15   16.40   21.33   18.67   21.06
2003 206   11.51   18.24   16.58   21.51   18.81   21.21
2003 207   12.09   18.32   16.62   21.65   18.87   21.39
2003 208   12.17   18.42   16.73   21.59   18.78   21.54
2003 209   12.27   18.55   17.00   21.60   18.76   21.69
2003 210   12.62   18.61   17.27   21.75   18.96   21.82
2003 211   12.96   18.78   17.55   21.81   19.37   22.01
2003 212   13.34   19.04   17.99   21.93   19.65   22.24
2003 213   13.81   19.36   18.29   22.08   19.76   22.37
2003 214   14.22   19.64   18.56   22.28   19.95   22.53
2003 215   14.46   19.97   18.84   22.49   20.44   22.44
2003 216   14.73   20.23   19.21   22.76   21.31   22.45
2003 217   15.10   20.57   19.59   23.11   21.59   22.80
2003 218   15.42   20.94   19.86   23.40   21.67   23.14
2003 219   15.51   20.88   20.05   23.68   21.87   23.37
2003 220   15.52   20.71   20.13   23.80   22.17   23.39
2003 221   15.62   20.71   20.24   23.96   22.57   23.36
2003 222   15.71   20.76   20.43   24.20   23.04   23.47
2003 223   15.63   20.80   20.59   24.26   23.27   23.57
2003 224   15.93   20.78   20.72   24.24   23.47   23.59
2003 225   16.57   21.10   20.96   24.45   23.64   23.77
2003 226   17.16   21.64   21.33   24.80   23.68   24.09
2003 227   17.41   22.03   21.50   24.81   23.54   24.16
2003 228   17.29   22.14   21.46   24.50   23.33   24.02
2003 229   17.16   22.07   21.35   24.22   23.08   23.82
2003 230   17.29   21.99   21.29   24.04   22.92   23.64
2003 231   17.42   22.02   21.26   24.11   22.90   23.62
2003 232   17.45   22.20   21.32   24.30   22.92   23.79
2003 233   17.16   22.27   21.37   24.44   22.97   23.98
2003 234   16.85   22.19   21.13   24.42   22.93   24.00
2003 235   16.75   22.15   20.81   24.33   22.72   23.73
2003 236   16.78   22.18   20.44   24.21   22.45   23.02
2003 237   16.80   22.19   20.17   24.06   22.16   22.77
2003 238   16.61   22.21   20.03   24.05   21.83   23.12
2003 239   16.30   22.02   19.74   23.92   21.43   23.29
2003 240   15.74   21.69   19.35   23.79   21.11   23.23
2003 241   15.06   21.44   19.02   23.64   20.99   23.19
2003 242   14.72   21.25   18.76   23.47   20.83   22.98
2003 243   14.65   21.02   18.61   23.27   20.73   22.51
2003 244   14.71   20.86   18.58   22.91   20.67   21.92
2003 245   14.75   20.85   18.67   22.52   20.52   21.56
2003 246   14.55   20.72   18.62   22.36   20.48   21.52
2003 247   14.35   20.43   18.40   22.14   20.42   21.47
2003 248   14.35   20.20   18.20   21.90   20.32   21.22
2003 249   14.50   20.09   18.07   21.80   20.29   21.02
2003 250   14.69   20.19   18.14   21.77   20.21   21.09
2003 251   14.94   20.37   18.31   21.84   20.23   21.32
2003 252   15.24   20.49   18.45   21.93   20.23   21.53
2003 253   15.23   20.49   18.53   21.90   20.27   21.49
2003 254   14.93   20.38   18.66   21.85   20.27   21.51
2003 255   14.82   20.32   18.68   21.78   20.26   21.60
2003 256   14.86   20.19   18.64   21.59   20.17   21.60
2003 257   14.90   19.98   18.56   21.40   20.11   21.54
2003 258   14.98   19.77   18.54   21.60   20.09   21.55
2003 259   15.12   19.65   18.54   21.70   20.06   21.59
2003 260   15.15   19.55   18.55   21.69   20.03   21.54
2003 261   15.01   19.33   18.46   21.57   19.80   21.29
2003 262   14.43   19.07   18.21   21.31   18.99   20.73
2003 263   13.49   18.69   17.77   20.93   17.85   20.19
2003 264   13.21   18.52   17.38   20.70   16.81   19.90
2003 265   13.05   18.22   17.20   20.46   16.70   19.39
2003 266   12.61   17.78   16.99   20.08   17.29   18.80
2003 267   12.31   17.32   16.65   19.82   17.51   18.33
2003 268   12.13   16.99   16.36   19.56   17.50   17.83
2003 269   11.75   16.67   16.04   19.28   17.44   17.42
2003 270   10.90   15.92   15.43   18.95   17.17   16.87
2003 271   10.25   15.08   14.79   18.46   16.71   16.29
2003 272    9.89   14.53   14.28   17.99   16.39   15.83
2003 273    9.70   14.14   13.71   17.59   16.05   15.30
2003 274    9.43   13.69   13.09   16.95   15.32   14.54
2003 275    9.30   13.31   12.64   16.38   14.40   13.65
2003 276    9.22   13.01   12.21   16.02   13.63   12.97
2003 277    9.14   12.79   11.92   15.71   12.93   12.41
2003 278    9.10   12.66   11.75   15.51   12.47   11.95
2003 279    9.17   12.66   11.71   15.47   12.38   11.81
2003 280    9.45   12.77   11.82   15.53   12.56   12.05
2003 281    9.81   12.97   12.03   15.49   12.85   12.54
2003 282    9.85   13.01   12.18   15.58   13.10   12.96
2003 283    9.73   12.98   12.38   15.88   13.31   13.54
2003 284    9.63   12.98   12.60   16.04   13.48   13.92
2003 285    9.41   12.92   12.47   15.97   13.50   14.01
2003 286    9.34   12.90   12.36   15.94   13.40   14.03
2003 287    9.40   12.73   12.22   15.86   13.22   13.80
2003 288    9.34   12.48   11.93   15.64   12.78   13.32
2003 289    9.14   12.35   11.69   15.35   12.29   12.98
2003 290    9.01   12.19   11.51   15.07   12.06   12.53
2003 291    8.96   12.11   11.43   14.78   11.91   12.04
2003 292    8.87   12.06   11.25   14.54   11.63   11.72
2003 293    8.79   12.02   11.04   14.44   11.45   11.66
2003 294    8.71   11.96   10.76   14.31   11.25   11.65
2003 295    8.58   11.87   10.44   14.10   10.94   11.53
2003 296    8.48   11.73   10.16   13.81   10.56   11.18
2003 297    8.38   11.59    9.87   13.55   10.29   10.84
2003 298    8.32   11.55    9.84   13.47   10.24   10.69
2003 299    8.31   11.48    9.79   13.32   10.11   10.49
2003 300    8.24   11.38    9.74   13.05    9.96   10.27
2003 301    8.16   11.05    9.65   12.74    9.90    9.98
2003 302    8.02   10.74    9.61   12.50    9.95    9.76
2003 303    7.84   10.44    9.59   12.40   10.00    9.80
2003 304    7.61   10.19    9.46   12.41   10.02    9.87
2003 305    7.45   10.09    9.33   12.43    9.96    9.96
2003 306    6.91    9.95    9.17   12.46    9.84   10.14
2003 307    6.71    9.85    9.02   12.41    9.68   10.41
2003 308    6.46    9.75    8.89   12.35    9.48   10.65
2003 309    6.03    9.71    8.81   12.14    9.28   10.41
2003 310    6.01    9.73    8.75   11.88    9.16   10.01
2003 311    5.94    9.62    8.64   11.74    9.11    9.77
2003 312    5.90    9.30    8.41   11.45    9.07    9.30
2003 313    5.89    9.03    8.23   11.11    8.94    8.80
2003 314    5.84    8.82    8.09   10.91    8.73    8.57
2003 315    5.76    8.56    8.01   10.87    8.60    8.59
2003 316    5.71    8.30    7.97   10.83    8.36    8.64
2003 317    5.66    7.98    7.87   10.71    8.03    8.61
2003 318    5.64    7.76    7.72   10.53    7.55    8.48
2003 319    5.61    7.72    7.58   10.33    7.31    8.27
2003 320    5.60    7.68    7.52   10.17    7.37    8.24
2003 321    5.60    7.54    7.46    9.96    7.43    8.09
2003 322    5.61    7.47    7.41    9.78    7.42    7.99
2003 323    5.58    7.45    7.39    9.72    7.42    7.97
2003 324    5.54    7.48    7.37    9.70    7.44    7.94
2003 325    5.51    7.46    7.30    9.64    7.49    7.94
2003 326    5.47    7.32    7.25    9.57    7.47    7.83
2003 327    5.29    7.11    7.17    9.51    7.42    7.55
2003 328    5.07    6.88    6.99    9.41    7.34    7.21
2003 329    4.81    6.69    6.79    9.20    7.22    6.86
2003 330    4.68    6.54    6.65    9.00    7.08    6.48
2003 331    4.58    6.42    6.50    8.77    6.91    6.12
2003 332    4.51    6.28    6.33    8.46    6.67    5.80
2003 333    4.45    6.19    6.20    8.19    6.47    5.54
2003 334    4.42    6.14    6.06    7.94    6.33    5.20
2003 335    4.35    6.05    5.85    7.51    6.19    4.81
2003 336    4.30    5.88    5.71    7.21    5.97    4.59
2003 337    4.31    5.80    5.64    7.06    5.84    4.39
2003 338    4.30    5.73    5.60    6.98    5.77    4.35
2003 339    4.27    5.60    5.59    6.89    5.75    4.36
2003 340    4.25    5.55    5.56    6.65    5.75    4.35
2003 341    4.26    5.57    5.52    6.55    5.72    4.36
2003 342    4.27    5.58    5.51    6.51    5.70    4.36
2003 343    4.21    5.51    5.44    6.51    5.67    4.35
2003 344    4.17    5.45    5.40    6.49    5.64    4.23
2003 345    4.13    5.32    5.34    6.28    5.58    3.63
2003 346    4.04    5.16    4.76    5.38    5.53    0.20
2003 347    4.02    5.06    4.70    5.05    5.46    0.20
2003 348    3.82    4.96    4.63    4.80    5.39    0.20
2003 349    3.68    4.85    4.41    4.49    5.33    0.20
2003 350    3.66    4.69    4.25    4.36    5.26    0.20
2003 351    3.68    4.63    4.13    4.10    5.17    0.20
2003 352    3.69    4.62    4.28    3.99    5.06    0.20
2003 353    3.66    4.61    4.19    3.90    4.93    0.20
2003 354    3.66    4.61    4.18    3.87    4.86    0.20
2003 355    3.66    4.63    4.17    3.87    4.80    0.20
2003 356    3.67    4.61    4.20    3.90    4.79    0.20
2003 357    3.56    4.52    4.08    3.85    4.80    0.20
2003 358    3.56    4.49    4.08    3.80    4.80    0.20
2003 359    3.60    4.47    4.09    3.79    4.79    0.20
2003 360    3.60    4.46    4.01    3.77    4.44    0.20
2003 361    3.61    4.47    4.00    3.74    4.41    0.20
2003 362    3.56    4.46    3.98    3.73    4.45    0.20
2003 363    3.58    4.47    4.02    3.75    4.50    0.20
2003 364    3.57    4.47    4.03    3.76    4.47    0.20
2003 365    3.57    4.46    4.04    3.74    4.39    0.20
