  Daily Lake Average Surface Water Temperature
                     From
 Great Lakes Surface Environmental Analysis maps

--------------------------------------------------------
                  Surf. Water Temp. (degrees C)

Year Day    Sup.   Mich.   Huron    Erie    Ont.  St.Clr
--------------------------------------------------------

2021 001    3.66    4.70    4.01    3.93    5.10    2.59
2021 002    3.68    4.63    4.02    3.83    5.03    2.37
2021 003    3.70    4.58    4.04    3.79    5.00    2.46
2021 004    3.71    4.51    4.00    3.73    4.93    2.55
2021 005    3.71    4.47    4.02    3.66    4.89    2.63
2021 006    3.68    4.44    4.00    3.56    4.84    2.63
2021 007    3.66    4.46    4.03    3.51    4.82    2.70
2021 008    3.60    4.45    3.96    3.45    4.79    2.67
2021 009    3.58    4.44    3.81    3.41    4.77    2.58
2021 010    3.55    4.43    3.81    3.38    4.69    2.45
2021 011    3.52    4.38    3.82    3.31    4.65    2.35
2021 012    3.52    4.33    3.82    3.19    4.64    1.88
2021 013    3.48    4.29    3.79    3.09    4.59    1.84
2021 014    3.41    4.27    3.74    3.02    4.52    1.79
2021 015    3.36    4.23    3.67    2.99    4.47    1.81
2021 016    3.31    4.18    3.61    2.95    4.42    1.65
2021 017    3.26    4.13    3.57    2.90    4.43    1.61
2021 018    3.22    4.07    3.42    2.79    4.36    1.58
2021 019    3.17    4.01    3.29    2.68    4.30    1.49
2021 020    3.10    3.97    3.20    2.61    4.30    1.41
2021 021    3.02    3.95    3.06    2.58    4.23    1.19
2021 022    2.96    3.84    3.03    2.54    4.16    1.13
2021 023    2.80    3.65    2.88    2.38    4.10    0.63
2021 024    2.57    3.59    2.63    2.06    4.06    0.56
2021 025    2.55    3.57    2.64    2.01    3.96    0.62
2021 026    2.49    3.52    2.61    2.00    3.85    0.85
2021 027    2.42    3.41    2.57    1.95    3.84    0.79
2021 028    2.33    3.26    2.49    1.86    3.81    0.20
2021 029    2.22    3.13    2.44    1.74    3.68    0.20
2021 030    2.18    3.15    2.29    1.46    3.50    0.20
2021 031    2.23    3.17    2.29    1.44    3.28    0.20
2021 032    2.28    3.14    2.37    1.43    3.36    0.20
2021 033    2.27    3.22    2.36    1.39    3.42    0.20
2021 034    2.25    3.22    2.41    1.39    3.48    0.20
2021 035    2.20    3.23    2.39    1.35    3.50    0.20
2021 036    2.22    3.15    2.43    1.35    3.52    0.20
2021 037    2.17    2.98    2.31    1.11    3.38    0.20
2021 038    2.10    2.89    2.21    0.91    3.03    0.20
2021 039    1.99    2.72    2.17    0.83    2.94    0.20
2021 040    1.91    2.67    1.99    0.32    2.85    0.20
2021 041    1.81    2.63    1.89    0.38    2.85    0.20
2021 042    1.67    2.47    1.78    0.38    2.75    0.20
2021 043    1.42    2.23    1.64    0.41    2.67    0.20
2021 044    1.17    2.09    1.51    0.39    2.60    0.20
2021 045    1.02    1.96    1.18    0.35    2.58    0.20
2021 046    0.99    1.91    1.11    0.32    2.52    0.20
2021 047    0.92    1.87    1.13    0.31    2.56    0.20
2021 048    0.92    1.83    1.16    0.29    2.58    0.20
2021 049    0.88    1.77    1.11    0.27    2.46    0.20
2021 050    0.82    1.80    1.07    0.28    2.33    0.20
2021 051    0.84    1.83    0.98    0.26    2.17    0.20
2021 052    0.84    1.92    1.02    0.27    2.39    0.20
2021 053    0.75    1.99    1.15    0.24    2.54    0.20
2021 054    0.80    2.15    1.24    0.23    2.64    0.20
2021 055    0.93    2.14    1.24    0.29    2.67    0.20
2021 056    0.96    2.14    1.32    0.29    2.69    0.21
2021 057    1.02    2.25    1.42    0.50    2.71    0.20
2021 058    1.06    2.31    1.45    0.50    2.72    0.20
2021 059    1.07    2.28    1.44    0.47    2.69    0.20
2021 060    1.14    2.28    1.45    0.55    2.63    0.28
2021 061    1.13    2.31    1.42    0.56    2.59    0.35
2021 062    1.14    2.39    1.42    0.59    2.59    0.37
2021 063    1.17    2.29    1.36    0.59    2.59    0.29
2021 064    1.21    2.22    1.34    0.64    2.59    0.20
2021 065    1.23    2.24    1.32    0.77    2.51    0.50
2021 066    1.17    2.28    1.28    0.78    2.42    0.56
2021 067    1.20    2.35    1.34    0.67    2.40    0.91
2021 068    1.22    2.44    1.40    0.99    2.47    0.46
2021 069    1.28    2.57    1.51    1.23    2.61    0.70
2021 070    1.37    2.68    1.67    1.59    2.79    2.60
2021 071    1.40    2.72    1.69    1.68    2.88    2.78
2021 072    1.60    2.76    1.77    1.91    2.89    3.17
2021 073    1.64    2.76    1.77    1.95    2.87    3.24
2021 074    1.62    2.75    1.71    1.92    2.81    3.22
2021 075    1.65    2.76    1.69    1.90    2.80    3.17
2021 076    1.67    2.79    1.71    1.93    2.81    3.20
2021 077    1.74    2.85    1.74    2.08    2.89    3.23
2021 078    1.71    2.84    1.75    2.16    2.90    3.23
2021 079    1.79    2.91    1.92    2.12    2.93    3.37
2021 080    1.84    2.95    2.00    2.02    3.01    3.54
2021 081    1.85    3.00    2.05    2.58    3.10    3.77
2021 082    1.81    3.04    2.06    2.84    3.19    4.19
2021 083    1.79    3.04    2.11    3.26    3.41    4.81
2021 084    1.77    3.05    2.17    3.39    3.62    5.09
2021 085    1.75    3.02    2.19    3.50    3.52    5.37
2021 086    1.75    3.01    2.21    3.67    3.55    5.76
2021 087    1.75    3.02    2.23    3.82    3.55    6.07
2021 088    1.77    3.08    2.27    3.98    3.59    6.23
2021 089    1.76    3.11    2.32    4.13    3.66    6.31
2021 090    1.75    3.08    2.34    4.12    3.63    6.28
2021 091    1.75    3.09    2.36    4.09    3.57    6.11
2021 092    1.80    3.16    2.43    4.09    3.55    5.95
2021 093    1.89    3.28    2.44    4.14    3.57    5.90
2021 094    1.94    3.37    2.48    4.30    3.67    5.92
2021 095    2.10    3.54    2.59    4.41    3.73    6.02
2021 096    2.19    3.65    2.84    4.80    3.83    6.08
2021 097    2.19    3.70    3.33    5.35    4.13    6.31
2021 098    2.17    3.70    3.61    5.80    4.53    6.68
2021 099    2.18    3.74    3.56    5.93    4.59    6.99
2021 100    2.18    3.81    3.41    5.97    4.57    7.19
2021 101    2.24    3.91    3.47    6.16    4.56    7.52
2021 102    2.35    4.03    3.63    6.52    4.63    7.99
2021 103    2.43    4.15    3.77    6.77    4.82    8.38
2021 104    2.47    4.16    3.78    6.77    4.92    8.40
2021 105    2.48    4.14    3.76    6.73    4.86    8.32
2021 106    2.49    4.15    3.73    6.64    4.75    8.30
2021 107    2.46    4.17    3.74    6.61    4.70    8.34
2021 108    2.39    4.25    3.78    6.68    4.74    8.35
2021 109    2.43    4.32    3.79    6.79    4.84    8.28
2021 110    2.48    4.29    3.75    6.75    4.85    7.96
2021 111    2.55    4.32    3.72    6.66    4.80    7.74
2021 112    2.67    4.42    3.76    6.62    4.79    7.64
2021 113    2.72    4.46    3.85    6.65    4.84    7.62
2021 114    2.71    4.47    3.86    6.73    4.91    7.76
2021 115    2.73    4.52    3.86    6.87    4.99    8.05
2021 116    2.76    4.57    3.88    6.95    5.10    8.06
2021 117    2.79    4.70    3.97    7.08    5.13    8.13
2021 118    2.83    4.87    4.12    7.37    5.15    8.47
2021 119    2.88    4.99    4.26    7.68    5.24    8.79
2021 120    3.04    5.08    4.34    7.88    5.31    8.95
2021 121    3.15    5.16    4.40    8.09    5.37    9.06
2021 122    3.19    5.34    4.45    8.23    5.40    9.18
2021 123    3.13    5.46    4.56    8.35    5.49    9.47
2021 124    3.06    5.47    4.65    8.56    5.62    9.94
2021 125    3.03    5.50    4.67    8.70    5.68   10.20
2021 126    3.03    5.55    4.70    8.79    5.71   10.30
2021 127    3.06    5.58    4.78    8.98    5.81   10.47
2021 128    3.14    5.67    4.85    9.06    5.94   10.47
2021 129    3.21    5.76    4.91    9.14    6.06   10.34
2021 130    3.30    5.83    5.01    9.18    6.21   10.33
2021 131    3.42    5.99    5.16    9.36    6.30   10.70
2021 132    3.50    6.32    5.35    9.61    6.47   11.21
2021 133    3.56    6.58    5.53   10.01    6.72   11.77
2021 134    3.64    6.74    5.75   10.50    7.07   12.20
2021 135    3.74    6.93    6.03   11.04    7.66   12.41
2021 136    3.83    7.29    6.48   11.74    8.72   12.73
2021 137    4.09    7.89    6.95   12.34    9.59   12.92
2021 138    4.43    8.32    7.33   13.00   10.00   13.25
2021 139    4.44    8.22    7.34   13.28   10.52   13.19
2021 140    4.43    8.16    7.31   13.85   10.98   13.22
2021 141    4.50    8.39    7.54   14.43   11.74   13.61
2021 142    4.70    8.97    7.99   15.30   12.30   14.53
2021 143    4.81    9.59    8.42   16.03   12.77   15.09
2021 144    4.95   10.14    8.58   16.15   13.02   15.15
2021 145    4.85   10.43    8.69   16.30   13.14   15.71
2021 146    4.53   10.41    8.54   16.19   12.96   15.82
2021 147    4.41   10.03    8.35   15.54   12.58   15.62
2021 148    4.47    9.54    8.50   14.86   12.19   15.28
2021 149    4.60    9.31    8.70   14.03   11.64   14.80
2021 150    4.62    9.39    9.03   13.57   11.25   14.76
2021 151    4.61    9.71    9.37   13.69   11.41   15.31
2021 152    4.77   10.10    9.80   14.43   11.85   15.92
2021 153    5.23   10.70   10.20   15.44   12.24   16.69
2021 154    5.81   11.44   10.84   16.33   13.08   17.84
2021 155    6.38   12.36   11.72   16.73   13.99   18.42
2021 156    6.81   13.05   12.37   16.99   14.54   19.00
2021 157    7.07   13.61   12.83   17.59   15.06   19.72
2021 158    7.51   14.37   13.38   18.55   15.64   20.52
2021 159    7.78   15.37   14.12   19.45   16.14   21.12
2021 160    7.74   16.03   14.43   19.93   16.45   21.51
2021 161    7.63   16.52   14.38   19.93   16.31   21.72
2021 162    7.66   16.88   14.15   19.72   16.27   21.69
2021 163    7.63   16.93   14.13   19.75   16.64   21.71
2021 164    7.50   16.84   14.34   19.88   17.02   21.56
2021 165    7.27   16.50   14.34   19.72   16.80   21.23
2021 166    7.34   16.22   14.29   19.32   16.28   20.89
2021 167    7.58   16.17   14.34   18.98   15.92   20.77
2021 168    7.76   16.15   14.49   18.90   15.64   20.90
2021 169    7.75   16.12   14.60   18.97   15.64   20.99
2021 170    7.64   16.05   14.69   18.96   15.89   20.91
2021 171    7.62   15.91   14.69   19.00   16.14   20.94
2021 172    7.57   15.53   14.38   18.99   16.18   20.92
2021 173    7.67   15.24   13.96   18.86   15.93   20.69
2021 174    7.90   15.17   13.81   18.82   15.86   20.58
2021 175    8.25   15.21   13.95   18.97   16.08   20.81
2021 176    8.71   15.46   14.32   19.38   16.54   21.17
2021 177    9.46   15.74   14.73   19.98   17.25   21.41
2021 178   10.27   15.90   15.11   20.47   18.06   21.65
2021 179   10.92   16.12   15.39   21.06   19.16   22.15
2021 180   11.36   16.54   15.76   21.87   20.12   22.80
2021 181   11.47   16.79   15.93   21.69   19.91   22.71
2021 182   11.31   16.73   15.88   21.20   19.46   22.36
2021 183   11.54   16.70   15.83   20.86   19.31   22.06
2021 184   12.10   16.90   16.13   20.74   19.33   21.92
2021 185   12.43   17.31   16.61   21.07   19.48   22.14
2021 186   12.74   17.84   17.09   21.54   19.78   22.76
2021 187   12.68   18.06   17.37   21.90   20.14   23.59
2021 188   12.46   17.70   16.93   22.06   20.13   23.76
2021 189   12.48   17.47   16.09   22.06   19.67   23.44
2021 190   12.82   17.61   16.14   21.99   19.41   22.93
2021 191   13.40   17.83   16.69   22.01   19.81   22.40
2021 192   14.13   18.11   17.08   21.99   20.11   21.62
2021 193   14.82   18.50   17.43   21.99   20.50   21.49
2021 194   15.34   18.92   17.89   22.11   20.86   22.13
2021 195   15.74   19.13   18.33   22.18   21.03   22.42
2021 196   15.97   19.28   18.46   22.21   21.15   22.46
2021 197   16.25   19.45   18.61   22.13   21.17   22.40
2021 198   16.73   19.68   18.96   22.04   21.08   22.32
2021 199   17.22   19.97   19.17   22.07   20.93   22.42
2021 200   17.31   20.22   19.30   22.23   20.95   22.73
2021 201   16.87   20.32   19.27   22.41   21.06   22.94
2021 202   16.60   20.26   19.14   22.57   21.09   22.97
2021 203   16.62   20.47   19.18   22.78   21.14   23.05
2021 204   16.61   20.77   19.35   23.03   21.28   23.25
2021 205   16.65   21.04   19.50   23.19   21.36   23.46
2021 206   16.74   21.28   19.64   23.35   21.48   23.76
2021 207   17.07   21.53   19.92   23.56   21.70   24.06
2021 208   17.51   21.61   20.07   23.61   21.74   24.10
2021 209   17.59   21.56   20.09   23.61   21.74   24.14
2021 210   17.37   21.38   20.00   23.59   21.65   24.09
2021 211   17.22   21.11   19.75   23.48   21.45   23.89
2021 212   17.14   20.86   19.53   23.38   21.30   23.58
2021 213   17.07   20.70   19.40   23.33   21.24   23.32
2021 214   17.15   20.69   19.38   23.31   21.14   23.19
2021 215   17.34   20.80   19.49   23.39   21.21   23.23
2021 216   17.50   20.94   19.75   23.59   21.57   23.41
2021 217   17.59   21.08   20.04   23.82   22.02   23.59
2021 218   17.66   21.17   20.23   23.99   22.32   23.74
2021 219   17.73   21.26   20.38   24.17   22.57   23.95
2021 220   17.92   21.45   20.59   24.35   22.86   24.08
2021 221   18.18   21.65   20.89   24.70   23.34   24.25
2021 222   18.30   21.81   21.12   24.73   23.57   24.42
2021 223   18.26   21.84   21.23   24.61   23.63   24.46
2021 224   18.13   21.86   21.27   24.57   23.63   24.45
2021 225   18.00   21.88   21.25   24.51   23.59   24.37
2021 226   18.00   21.85   21.15   24.41   23.48   24.26
2021 227   18.19   21.87   21.12   24.36   23.37   24.15
2021 228   18.37   22.03   21.31   24.46   23.40   24.17
2021 229   18.55   22.32   21.69   24.71   23.65   24.21
2021 230   18.85   22.69   22.03   24.93   23.88   24.39
2021 231   19.20   23.10   22.44   25.01   23.96   24.57
2021 232   19.39   23.41   22.71   25.17   24.04   24.85
2021 233   19.15   23.39   22.91   25.41   24.36   25.10
2021 234   18.83   23.09   22.96   25.56   24.63   25.42
2021 235   18.72   22.97   22.93   25.62   24.76   25.67
2021 236   18.67   23.08   22.96   25.64   24.72   25.71
2021 237   18.72   23.22   23.11   25.71   24.80   25.75
2021 238   18.72   23.30   23.20   25.80   24.94   25.84
2021 239   18.59   23.28   23.05   25.86   24.80   25.76
2021 240   18.29   23.24   22.73   25.86   24.49   25.65
2021 241   18.01   23.19   22.44   25.81   24.27   25.64
2021 242   17.89   23.13   22.22   25.58   24.05   25.56
2021 243   17.91   23.02   22.04   25.26   23.88   25.26
2021 244   18.00   22.89   21.87   24.88   23.53   24.68
2021 245   18.04   22.77   21.68   24.65   23.22   24.13
2021 246   17.99   22.51   21.45   24.45   22.95   23.69
2021 247   17.86   22.09   21.19   24.20   22.79   23.20
2021 248   17.71   21.85   20.89   23.89   22.51   22.82
2021 249   17.47   21.70   20.61   23.67   22.20   22.56
2021 250   17.21   21.48   20.35   23.55   22.02   22.44
2021 251   16.87   21.23   20.09   23.34   21.80   22.34
2021 252   16.63   20.98   19.71   23.08   21.53   22.13
2021 253   16.61   20.87   19.46   22.87   21.32   21.92
2021 254   16.63   20.80   19.36   22.71   21.24   21.86
2021 255   16.56   20.74   19.30   22.62   21.18   21.88
2021 256   16.49   20.70   19.22   22.61   21.04   21.97
2021 257   16.38   20.66   19.16   22.60   21.05   22.08
2021 258   16.28   20.62   19.10   22.55   21.12   22.06
2021 259   16.24   20.65   19.14   22.55   21.15   22.09
2021 260   16.13   20.61   19.18   22.66   21.26   22.27
2021 261   16.04   20.54   19.16   22.70   21.34   22.20
2021 262   16.06   20.52   19.18   22.63   21.31   22.02
2021 263   15.97   20.44   19.13   22.50   21.23   21.85
2021 264   15.64   20.16   18.96   22.13   21.10   21.40
2021 265   15.43   19.66   18.60   21.52   20.79   20.61
2021 266   15.38   19.09   18.01   20.86   20.37   19.64
2021 267   15.28   18.59   17.33   20.35   20.03   18.86
2021 268   15.07   18.24   16.98   20.12   19.87   18.50
2021 269   14.86   17.99   16.75   19.97   19.75   18.42
2021 270   14.79   17.85   16.53   19.84   19.59   18.50
2021 271   14.82   17.78   16.39   19.73   19.33   18.47
2021 272   14.91   17.80   16.38   19.68   19.10   18.45
2021 273   15.01   17.87   16.35   19.62   18.83   18.52
2021 274   15.09   17.96   16.34   19.60   18.64   18.64
2021 275   15.21   18.04   16.42   19.62   18.56   18.71
2021 276   15.33   18.06   16.50   19.64   18.61   18.73
2021 277   15.40   18.06   16.56   19.69   18.60   18.86
2021 278   15.39   18.06   16.63   19.68   18.50   18.96
2021 279   15.37   18.07   16.71   19.68   18.48   19.05
2021 280   15.45   18.12   16.76   19.78   18.56   19.23
2021 281   15.45   18.16   16.80   19.88   18.56   19.44
2021 282   15.37   18.17   16.82   19.86   18.50   19.63
2021 283   15.24   18.11   16.83   19.72   18.37   19.63
2021 284   14.92   17.95   16.81   19.58   18.39   19.60
2021 285   14.77   17.78   16.77   19.60   18.54   19.56
2021 286   14.70   17.70   16.70   19.58   18.53   19.50
2021 287   14.63   17.66   16.68   19.52   18.45   19.37
2021 288   14.32   17.55   16.64   19.24   18.23   18.72
2021 289   13.98   17.29   16.29   18.85   17.80   17.84
2021 290   13.80   17.05   15.92   18.55   17.43   17.13
2021 291   13.81   16.99   15.65   18.33   16.99   16.69
2021 292   13.82   16.94   15.57   18.22   16.69   16.56
2021 293   13.72   16.86   15.53   18.18   16.56   16.56
2021 294   13.55   16.72   15.44   18.10   16.41   16.53
2021 295   13.34   16.46   15.19   17.91   16.13   16.30
2021 296   13.11   16.11   14.87   17.53   15.71   15.81
2021 297   12.85   15.84   14.63   17.23   15.58   15.32
2021 298   12.54   15.49   14.35   17.00   15.46   14.99
2021 299   12.20   15.06   14.00   16.60   15.14   14.39
2021 300   12.00   14.79   13.68   16.20   14.81   13.63
2021 301   11.88   14.53   13.53   16.01   14.57   13.15
2021 302   11.68   14.16   13.34   15.70   14.37   12.66
2021 303   11.56   13.91   13.05   15.24   14.02   12.22
2021 304   11.36   13.74   12.84   15.02   13.67   12.17
2021 305   11.07   13.46   12.56   14.79   13.42   11.84
2021 306   10.75   13.10   12.17   14.37   13.12   11.27
2021 307   10.49   12.74   11.85   13.94   12.73   10.76
2021 308   10.33   12.47   11.70   13.68   12.46   10.44
2021 309   10.22   12.30   11.60   13.57   12.32   10.29
2021 310   10.12   12.16   11.51   13.51   12.24   10.30
2021 311   10.05   12.10   11.46   13.42   12.16   10.38
2021 312   10.02   12.10   11.46   13.41   12.20   10.52
2021 313    9.97   12.10   11.44   13.38   12.19   10.61
2021 314    9.89   12.03   11.38   13.26   12.09   10.66
2021 315    9.82   11.89   11.26   13.17   11.98   10.70
2021 316    9.66   11.69   11.07   13.03   11.80   10.75
2021 317    9.57   11.56   10.99   12.97   11.67   10.69
2021 318    9.50   11.41   10.93   12.83   11.52   10.60
2021 319    9.30   11.19   10.80   12.56   11.24   10.49
2021 320    9.05   10.95   10.67   12.20   10.95   10.38
2021 321    8.66   10.54   10.52   11.91   10.74   10.25
2021 322    8.24   10.09   10.18   11.43   10.30    9.92
2021 323    7.65    9.52    9.74   10.89    9.80    9.34
2021 324    7.08    9.12    9.36   10.58    9.59    8.97
2021 325    6.96    8.96    9.06   10.33    9.32    8.47
2021 326    6.79    8.79    8.82   10.11    9.08    7.64
2021 327    6.54    8.64    8.49    9.66    8.83    6.42
2021 328    6.39    8.56    8.34    9.53    8.79    6.34
2021 329    6.24    8.43    8.22    9.38    8.80    6.14
2021 330    6.12    8.24    8.06    9.07    8.73    5.95
2021 331    6.07    8.07    7.93    8.64    8.61    5.75
2021 332    6.07    7.94    7.84    8.35    8.50    5.60
2021 333    6.03    7.79    7.72    8.14    8.40    5.50
2021 334    5.96    7.69    7.60    8.00    8.30    5.44
2021 335    5.65    7.59    7.43    7.93    8.19    5.51
2021 336    5.21    7.45    7.15    7.88    8.01    5.60
2021 337    5.15    7.26    6.95    7.75    7.78    5.61
2021 338    5.07    7.13    6.74    7.62    7.56    5.66
2021 339    5.01    6.95    6.59    7.53    7.35    5.64
2021 340    4.95    6.75    6.45    7.41    7.18    5.57
2021 341    4.91    6.63    6.33    7.28    7.06    5.53
2021 342    4.88    6.44    6.23    7.12    6.97    5.50
2021 343    4.87    6.39    6.17    6.99    6.91    5.48
2021 344    4.85    6.33    6.15    6.94    6.85    5.48
2021 345    4.84    6.30    6.11    6.90    6.82    5.46
2021 346    4.86    6.31    6.10    6.85    6.78    5.33
2021 347    4.92    6.32    6.03    6.88    6.79    5.32
2021 348    4.95    6.31    6.08    6.84    6.76    5.31
2021 349    4.94    6.27    6.23    6.81    6.74    5.39
2021 350    4.92    6.21    6.30    6.82    6.73    5.60
2021 351    4.88    6.16    6.29    6.80    6.70    5.70
2021 352    4.83    6.11    6.25    6.70    6.63    5.55
2021 353    4.78    6.00    6.21    6.51    6.47    5.27
2021 354    4.73    5.85    6.13    6.34    6.35    5.02
2021 355    4.67    5.76    6.07    6.29    6.27    4.89
2021 356    4.59    5.71    5.98    6.26    6.23    4.66
2021 357    4.50    5.63    5.81    6.22    6.20    4.36
2021 358    4.33    5.53    5.55    6.06    6.11    4.05
2021 359    4.19    5.49    5.39    5.92    6.00    3.96
2021 360    4.17    5.45    5.27    5.76    5.92    4.08
2021 361    4.14    5.40    4.81    5.46    5.79    4.04
2021 362    4.11    5.36    4.69    5.29    5.70    3.93
2021 363    4.08    5.28    4.63    5.18    5.63    3.75
2021 364    3.99    5.14    4.57    4.97    5.55    3.50
2021 365    3.93    4.98    4.48    4.82    5.51    3.18
